{
  "advancedEditorSelectedIdentifier" : "BehaviorsPluginID",
  "openSceneRelativePaths" : [
    "Immersive.usda",
    "Scene.usda"
  ],
  "recentIdentifiers" : {
    "1D572CEB-057A-41C3-B575-04C37501A3C0" : [

    ],
    "6CC67C23-309A-4CF1-88DA-BD6818B8F885" : [

    ],
    "D66134B1-3681-4A8E-AFE5-29F257229F3B" : [

    ]
  },
  "sceneCameraHistory" : {
    "1D572CEB-057A-41C3-B575-04C37501A3C0" : [
      {
        "date" : 749872422.002237,
        "title" : "Untitled",
        "transform" : [
          0.99836844,
          -5.5536606e-09,
          -0.057100613,
          0,
          -0.029020017,
          0.861224,
          -0.50739646,
          0,
          0.049176414,
          0.5082257,
          0.8598188,
          0,
          0.013849024,
          2.1351953,
          -0.586354,
          1
        ]
      },
      {
        "date" : 749872419.009232,
        "title" : "Untitled",
        "transform" : [
          0.99836844,
          -5.5536606e-09,
          -0.057100613,
          0,
          -0.029020017,
          0.861224,
          -0.50739646,
          0,
          0.049176414,
          0.5082257,
          0.8598188,
          0,
          0.0028743297,
          2.021775,
          -0.7782395,
          1
        ]
      },
      {
        "date" : 749872413.638915,
        "title" : "Untitled",
        "transform" : [
          0.99854225,
          -5.990195e-09,
          -0.05397521,
          0,
          -0.025583925,
          0.8805282,
          -0.4733027,
          0,
          0.04752669,
          0.47399366,
          0.8792446,
          0,
          -0.003688551,
          1.8855965,
          -0.7009612,
          1
        ]
      },
      {
        "date" : 749872410.110365,
        "title" : "Untitled",
        "transform" : [
          0.99854225,
          -5.990195e-09,
          -0.05397521,
          0,
          -0.025583925,
          0.8805282,
          -0.4733027,
          0,
          0.04752669,
          0.47399366,
          0.8792446,
          0,
          -0.034412332,
          1.9120123,
          -0.713541,
          1
        ]
      },
      {
        "date" : 749872379.671763,
        "title" : "Untitled",
        "transform" : [
          0.99854225,
          -5.990195e-09,
          -0.05397521,
          0,
          -0.025583925,
          0.8805282,
          -0.4733027,
          0,
          0.04752669,
          0.47399366,
          0.8792446,
          0,
          3.8400652,
          10.675481,
          69.84867,
          1
        ]
      },
      {
        "date" : 749872377.087291,
        "title" : "Untitled",
        "transform" : [
          0.99854225,
          -5.990195e-09,
          -0.05397521,
          0,
          -0.025583925,
          0.8805282,
          -0.4733027,
          0,
          0.04752669,
          0.47399366,
          0.8792446,
          0,
          3.2552564,
          9.83898,
          70.33115,
          1
        ]
      },
      {
        "date" : 749872375.972561,
        "title" : "Untitled",
        "transform" : [
          0.99854225,
          -5.990195e-09,
          -0.05397521,
          0,
          -0.025583925,
          0.8805282,
          -0.4733027,
          0,
          0.04752669,
          0.47399366,
          0.8792446,
          0,
          3.2552564,
          9.83898,
          70.33115,
          1
        ]
      },
      {
        "date" : 749872348.845103,
        "title" : "Untitled",
        "transform" : [
          0.9786809,
          -7.375146e-09,
          0.2053867,
          0,
          0.19913553,
          0.24483858,
          -0.9488937,
          0,
          -0.05028659,
          0.9695639,
          0.23961885,
          0,
          -1.7650375,
          77.76401,
          71.29793,
          1
        ]
      },
      {
        "date" : 749872306.159928,
        "title" : "Untitled",
        "transform" : [
          1,
          0,
          0,
          0,
          0,
          0.7071069,
          -0.70710677,
          0,
          0,
          0.70710677,
          0.7071069,
          0,
          6.1819177,
          51.80405,
          88.89559,
          1
        ]
      },
      {
        "date" : 749872303.436377,
        "title" : "Untitled",
        "transform" : [
          1,
          0,
          0,
          0,
          0,
          0.7071069,
          -0.70710677,
          0,
          0,
          0.70710677,
          0.7071069,
          0,
          3.6333308,
          30.447065,
          52.247066,
          1
        ]
      }
    ],
    "6CC67C23-309A-4CF1-88DA-BD6818B8F885" : [
      {
        "date" : 749872834.655018,
        "title" : "Untitled",
        "transform" : [
          1,
          0,
          -0,
          0,
          -0,
          0.7071069,
          -0.7071067,
          0,
          0,
          0.7071067,
          0.7071069,
          0,
          -53.046463,
          55.30131,
          82.10814,
          1
        ]
      },
      {
        "date" : 749872833.653954,
        "title" : "Untitled",
        "transform" : [
          1,
          0,
          -0,
          0,
          -0,
          0.7071069,
          -0.7071067,
          0,
          0,
          0.7071067,
          0.7071069,
          0,
          -53.046463,
          55.301308,
          82.10813,
          1
        ]
      },
      {
        "date" : 749872804.972704,
        "title" : "Untitled",
        "transform" : [
          1,
          0,
          -0,
          0,
          -0,
          0.7071069,
          -0.7071067,
          0,
          0,
          0.7071067,
          0.7071069,
          0,
          -53.046463,
          55.301308,
          82.10813,
          1
        ]
      },
      {
        "date" : 749872803.965609,
        "title" : "Untitled",
        "transform" : [
          1,
          0,
          -0,
          0,
          -0,
          0.7071069,
          -0.7071067,
          0,
          0,
          0.7071067,
          0.7071069,
          0,
          -53.046463,
          55.301308,
          82.10813,
          1
        ]
      },
      {
        "date" : 749872786.557466,
        "title" : "Untitled",
        "transform" : [
          1,
          0,
          -0,
          0,
          -0,
          0.7071069,
          -0.7071067,
          0,
          0,
          0.7071067,
          0.7071069,
          0,
          -53.046463,
          55.301315,
          82.10813,
          1
        ]
      },
      {
        "date" : 749872719.281826,
        "title" : "Untitled",
        "transform" : [
          1,
          0,
          0,
          0,
          0,
          0.7071069,
          -0.70710677,
          0,
          0,
          0.70710677,
          0.7071069,
          0,
          0,
          142.3947,
          142.39473,
          1
        ]
      },
      {
        "date" : 749872678.510254,
        "title" : "Untitled",
        "transform" : [
          1,
          0,
          0,
          0,
          0,
          0.7071069,
          -0.70710677,
          0,
          0,
          0.70710677,
          0.7071069,
          0,
          0,
          1.8026729,
          1.8026731,
          1
        ]
      }
    ],
    "9C0FBFFF-A9FA-4844-8870-3E28DA8556A2" : [
      {
        "date" : 749884344.599074,
        "title" : "Untitled",
        "transform" : [
          1,
          -0,
          0,
          0,
          0,
          0.7071069,
          -0.70710677,
          0,
          0,
          0.70710677,
          0.7071069,
          0,
          0,
          3.0278788,
          3.0278792,
          1
        ]
      },
      {
        "date" : 749884295.644196,
        "title" : "Untitled",
        "transform" : [
          1,
          0,
          0,
          0,
          0,
          0.7071069,
          -0.70710677,
          0,
          0,
          0.70710677,
          0.7071069,
          0,
          0,
          3.0278788,
          3.0278792,
          1
        ]
      }
    ],
    "D66134B1-3681-4A8E-AFE5-29F257229F3B" : [
      {
        "date" : 751310304.565141,
        "title" : "Untitled",
        "transform" : [
          -0.7182271,
          2.246398e-08,
          -0.6958089,
          0,
          -0.3601744,
          0.8556022,
          0.3717788,
          0,
          0.5953356,
          0.5176341,
          -0.61451656,
          0,
          26.82774,
          17.270977,
          -20.436604,
          1
        ]
      },
      {
        "date" : 751310202.640421,
        "title" : "Untitled",
        "transform" : [
          -0.71822697,
          6.410295e-08,
          -0.69580877,
          0,
          -0.695385,
          0.03489954,
          0.7177895,
          0,
          0.024283452,
          0.99939084,
          -0.025065783,
          0,
          15.342823,
          57.060127,
          0.27553856,
          1
        ]
      },
      {
        "date" : 751310149.090247,
        "title" : "Untitled",
        "transform" : [
          -0.71822697,
          6.410295e-08,
          -0.69580877,
          0,
          -0.6953849,
          0.034899537,
          0.7177894,
          0,
          0.024283448,
          0.9993907,
          -0.02506578,
          0,
          8.351159,
          31.86453,
          -0.8798015,
          1
        ]
      },
      {
        "date" : 751310139.383949,
        "title" : "Untitled",
        "transform" : [
          -0.8051823,
          8.94976e-08,
          -0.5930274,
          0,
          -0.30824327,
          0.8543006,
          0.41851705,
          0,
          0.5066237,
          0.5197792,
          -0.6878677,
          0,
          21.566166,
          14.938792,
          -19.770502,
          1
        ]
      },
      {
        "date" : 751310124.193885,
        "title" : "Untitled",
        "transform" : [
          -0.8051823,
          8.94976e-08,
          -0.5930274,
          0,
          -0.30824327,
          0.8543006,
          0.41851705,
          0,
          0.5066237,
          0.5197792,
          -0.6878677,
          0,
          21.566166,
          14.938792,
          -19.770502,
          1
        ]
      },
      {
        "date" : 751310123.099919,
        "title" : "Untitled",
        "transform" : [
          -0.8051823,
          9.465654e-08,
          -0.5930274,
          0,
          -0.58807933,
          0.12891044,
          0.798464,
          0,
          0.0764475,
          0.9916562,
          -0.103796296,
          0,
          7.5368333,
          30.226948,
          -0.058632933,
          1
        ]
      },
      {
        "date" : 751310019.340102,
        "title" : "Untitled",
        "transform" : [
          -0.7857873,
          9.3574684e-08,
          -0.61849684,
          0,
          -0.6181201,
          0.034899626,
          0.78530854,
          0,
          0.021585383,
          0.9993908,
          -0.027423587,
          0,
          5.760886,
          30.518057,
          2.4364276,
          1
        ]
      },
      {
        "date" : 751309970.924811,
        "title" : "Untitled",
        "transform" : [
          -0.7948821,
          9.3574684e-08,
          -0.6067639,
          0,
          -0.6063943,
          0.034899566,
          0.79439783,
          0,
          0.021175873,
          0.9993908,
          -0.027740948,
          0,
          5.82098,
          30.518057,
          2.35881,
          1
        ]
      },
      {
        "date" : 751309580.090585,
        "title" : "Untitled",
        "transform" : [
          -0.9897006,
          1.0179778e-07,
          -0.14315225,
          0,
          -0.069655634,
          0.8736333,
          0.48157337,
          0,
          0.12506263,
          0.4865848,
          -0.8646354,
          0,
          10.490768,
          17.17364,
          -24.098642,
          1
        ]
      },
      {
        "date" : 751309530.350219,
        "title" : "Untitled",
        "transform" : [
          -0.9897007,
          6.678741e-08,
          -0.14315224,
          0,
          -0.058847897,
          0.9115961,
          0.40685296,
          0,
          0.13049711,
          0.4110868,
          -0.9022073,
          0,
          9.272518,
          10.4337015,
          -13.578668,
          1
        ]
      }
    ]
  },
  "sceneViewportBackgroundColors" : {

  },
  "selectedSceneRelativePath" : "Scene.usda"
}