{
  "advancedEditorSelectedIdentifier" : "BehaviorsPluginID",
  "openSceneRelativePaths" : [
    "Immersive.usda",
    "Scene.usda"
  ],
  "recentIdentifiers" : {
    "1D572CEB-057A-41C3-B575-04C37501A3C0" : [

    ],
    "6CC67C23-309A-4CF1-88DA-BD6818B8F885" : [

    ],
    "D66134B1-3681-4A8E-AFE5-29F257229F3B" : [

    ]
  },
  "sceneCameraHistory" : {
    "1D572CEB-057A-41C3-B575-04C37501A3C0" : [
      {
        "date" : 754213014.929519,
        "title" : "Untitled",
        "transform" : [
          0.99732244,
          -5.4310775e-08,
          0.07313007,
          0,
          0.044694383,
          0.7915052,
          -0.60952604,
          0,
          -0.057882812,
          0.6111625,
          0.78938586,
          0,
          24.762875,
          10.2710285,
          28.891285,
          1
        ]
      },
      {
        "date" : 754212895.085453,
        "title" : "Untitled",
        "transform" : [
          0.99732244,
          -5.4310775e-08,
          0.07313007,
          0,
          0.044694383,
          0.7915052,
          -0.60952604,
          0,
          -0.057882812,
          0.6111625,
          0.78938586,
          0,
          26.698597,
          21.342964,
          82.733826,
          1
        ]
      },
      {
        "date" : 754212889.233769,
        "title" : "Untitled",
        "transform" : [
          0.82208604,
          -5.3265055e-08,
          -0.56936324,
          0,
          -0.12991445,
          0.9736202,
          -0.18757954,
          0,
          0.5543435,
          0.22817503,
          0.80039954,
          0,
          60.84013,
          -0.7296014,
          79.17907,
          1
        ]
      },
      {
        "date" : 754212885.451556,
        "title" : "Untitled",
        "transform" : [
          0.5465553,
          -2.5893335e-08,
          -0.83742297,
          0,
          -0.69237894,
          0.56250024,
          -0.4518904,
          0,
          0.47105065,
          0.8267971,
          0.30743748,
          0,
          67.75121,
          35.986473,
          60.637466,
          1
        ]
      },
      {
        "date" : 754212870.021854,
        "title" : "Untitled",
        "transform" : [
          0.5465553,
          -2.5893335e-08,
          -0.83742297,
          0,
          -0.69237894,
          0.56250024,
          -0.4518904,
          0,
          0.47105065,
          0.8267971,
          0.30743748,
          0,
          79.716644,
          42.681774,
          24.29844,
          1
        ]
      },
      {
        "date" : 754212866.825017,
        "title" : "Untitled",
        "transform" : [
          0.54655534,
          -2.5893339e-08,
          -0.8374231,
          0,
          -0.69237894,
          0.56250024,
          -0.4518904,
          0,
          0.4710506,
          0.826797,
          0.30743745,
          0,
          88.91881,
          48.06664,
          -4.282595,
          1
        ]
      },
      {
        "date" : 754212861.057759,
        "title" : "Untitled",
        "transform" : [
          0.99390364,
          -1.940984e-08,
          0.110252626,
          0,
          0.021820122,
          0.9802202,
          -0.19670355,
          0,
          -0.10807186,
          0.19791012,
          0.9742443,
          0,
          64.17102,
          8.174587,
          63.409622,
          1
        ]
      },
      {
        "date" : 754212853.391097,
        "title" : "Untitled",
        "transform" : [
          0.9941268,
          -1.9964448e-08,
          0.108221754,
          0,
          0.03507255,
          0.94602966,
          -0.32217687,
          0,
          -0.102381006,
          0.32408026,
          0.9404733,
          0,
          64.51742,
          16.002148,
          61.375126,
          1
        ]
      },
      {
        "date" : 754212843.900014,
        "title" : "Untitled",
        "transform" : [
          0.9993639,
          -1.8054148e-08,
          -0.035662208,
          0,
          -0.0049730437,
          0.9902293,
          -0.13936026,
          0,
          0.035313725,
          0.13944899,
          0.98959935,
          0,
          83.89605,
          7.1644087,
          80.35383,
          1
        ]
      },
      {
        "date" : 754212830.419907,
        "title" : "Untitled",
        "transform" : [
          0.9923761,
          -1.8097914e-08,
          -0.12324622,
          0,
          -0.025953457,
          0.9775762,
          -0.20897682,
          0,
          0.120482534,
          0.21058229,
          0.9701232,
          0,
          90.757095,
          13.07711,
          75.99874,
          1
        ]
      }
    ],
    "6CC67C23-309A-4CF1-88DA-BD6818B8F885" : [
      {
        "date" : 749872834.655018,
        "title" : "Untitled",
        "transform" : [
          1,
          0,
          -0,
          0,
          -0,
          0.7071069,
          -0.7071067,
          0,
          0,
          0.7071067,
          0.7071069,
          0,
          -53.046463,
          55.30131,
          82.10814,
          1
        ]
      },
      {
        "date" : 749872833.653954,
        "title" : "Untitled",
        "transform" : [
          1,
          0,
          -0,
          0,
          -0,
          0.7071069,
          -0.7071067,
          0,
          0,
          0.7071067,
          0.7071069,
          0,
          -53.046463,
          55.301308,
          82.10813,
          1
        ]
      },
      {
        "date" : 749872804.972704,
        "title" : "Untitled",
        "transform" : [
          1,
          0,
          -0,
          0,
          -0,
          0.7071069,
          -0.7071067,
          0,
          0,
          0.7071067,
          0.7071069,
          0,
          -53.046463,
          55.301308,
          82.10813,
          1
        ]
      },
      {
        "date" : 749872803.965609,
        "title" : "Untitled",
        "transform" : [
          1,
          0,
          -0,
          0,
          -0,
          0.7071069,
          -0.7071067,
          0,
          0,
          0.7071067,
          0.7071069,
          0,
          -53.046463,
          55.301308,
          82.10813,
          1
        ]
      },
      {
        "date" : 749872786.557466,
        "title" : "Untitled",
        "transform" : [
          1,
          0,
          -0,
          0,
          -0,
          0.7071069,
          -0.7071067,
          0,
          0,
          0.7071067,
          0.7071069,
          0,
          -53.046463,
          55.301315,
          82.10813,
          1
        ]
      },
      {
        "date" : 749872719.281826,
        "title" : "Untitled",
        "transform" : [
          1,
          0,
          0,
          0,
          0,
          0.7071069,
          -0.70710677,
          0,
          0,
          0.70710677,
          0.7071069,
          0,
          0,
          142.3947,
          142.39473,
          1
        ]
      },
      {
        "date" : 749872678.510254,
        "title" : "Untitled",
        "transform" : [
          1,
          0,
          0,
          0,
          0,
          0.7071069,
          -0.70710677,
          0,
          0,
          0.70710677,
          0.7071069,
          0,
          0,
          1.8026729,
          1.8026731,
          1
        ]
      }
    ],
    "9C0FBFFF-A9FA-4844-8870-3E28DA8556A2" : [
      {
        "date" : 749884344.599074,
        "title" : "Untitled",
        "transform" : [
          1,
          -0,
          0,
          0,
          0,
          0.7071069,
          -0.70710677,
          0,
          0,
          0.70710677,
          0.7071069,
          0,
          0,
          3.0278788,
          3.0278792,
          1
        ]
      },
      {
        "date" : 749884295.644196,
        "title" : "Untitled",
        "transform" : [
          1,
          0,
          0,
          0,
          0,
          0.7071069,
          -0.70710677,
          0,
          0,
          0.70710677,
          0.7071069,
          0,
          0,
          3.0278788,
          3.0278792,
          1
        ]
      }
    ],
    "D66134B1-3681-4A8E-AFE5-29F257229F3B" : [
      {
        "date" : 751310304.565141,
        "title" : "Untitled",
        "transform" : [
          -0.7182271,
          2.246398e-08,
          -0.6958089,
          0,
          -0.3601744,
          0.8556022,
          0.3717788,
          0,
          0.5953356,
          0.5176341,
          -0.61451656,
          0,
          26.82774,
          17.270977,
          -20.436604,
          1
        ]
      },
      {
        "date" : 751310202.640421,
        "title" : "Untitled",
        "transform" : [
          -0.71822697,
          6.410295e-08,
          -0.69580877,
          0,
          -0.695385,
          0.03489954,
          0.7177895,
          0,
          0.024283452,
          0.99939084,
          -0.025065783,
          0,
          15.342823,
          57.060127,
          0.27553856,
          1
        ]
      },
      {
        "date" : 751310149.090247,
        "title" : "Untitled",
        "transform" : [
          -0.71822697,
          6.410295e-08,
          -0.69580877,
          0,
          -0.6953849,
          0.034899537,
          0.7177894,
          0,
          0.024283448,
          0.9993907,
          -0.02506578,
          0,
          8.351159,
          31.86453,
          -0.8798015,
          1
        ]
      },
      {
        "date" : 751310139.383949,
        "title" : "Untitled",
        "transform" : [
          -0.8051823,
          8.94976e-08,
          -0.5930274,
          0,
          -0.30824327,
          0.8543006,
          0.41851705,
          0,
          0.5066237,
          0.5197792,
          -0.6878677,
          0,
          21.566166,
          14.938792,
          -19.770502,
          1
        ]
      },
      {
        "date" : 751310124.193885,
        "title" : "Untitled",
        "transform" : [
          -0.8051823,
          8.94976e-08,
          -0.5930274,
          0,
          -0.30824327,
          0.8543006,
          0.41851705,
          0,
          0.5066237,
          0.5197792,
          -0.6878677,
          0,
          21.566166,
          14.938792,
          -19.770502,
          1
        ]
      },
      {
        "date" : 751310123.099919,
        "title" : "Untitled",
        "transform" : [
          -0.8051823,
          9.465654e-08,
          -0.5930274,
          0,
          -0.58807933,
          0.12891044,
          0.798464,
          0,
          0.0764475,
          0.9916562,
          -0.103796296,
          0,
          7.5368333,
          30.226948,
          -0.058632933,
          1
        ]
      },
      {
        "date" : 751310019.340102,
        "title" : "Untitled",
        "transform" : [
          -0.7857873,
          9.3574684e-08,
          -0.61849684,
          0,
          -0.6181201,
          0.034899626,
          0.78530854,
          0,
          0.021585383,
          0.9993908,
          -0.027423587,
          0,
          5.760886,
          30.518057,
          2.4364276,
          1
        ]
      },
      {
        "date" : 751309970.924811,
        "title" : "Untitled",
        "transform" : [
          -0.7948821,
          9.3574684e-08,
          -0.6067639,
          0,
          -0.6063943,
          0.034899566,
          0.79439783,
          0,
          0.021175873,
          0.9993908,
          -0.027740948,
          0,
          5.82098,
          30.518057,
          2.35881,
          1
        ]
      },
      {
        "date" : 751309580.090585,
        "title" : "Untitled",
        "transform" : [
          -0.9897006,
          1.0179778e-07,
          -0.14315225,
          0,
          -0.069655634,
          0.8736333,
          0.48157337,
          0,
          0.12506263,
          0.4865848,
          -0.8646354,
          0,
          10.490768,
          17.17364,
          -24.098642,
          1
        ]
      },
      {
        "date" : 751309530.350219,
        "title" : "Untitled",
        "transform" : [
          -0.9897007,
          6.678741e-08,
          -0.14315224,
          0,
          -0.058847897,
          0.9115961,
          0.40685296,
          0,
          0.13049711,
          0.4110868,
          -0.9022073,
          0,
          9.272518,
          10.4337015,
          -13.578668,
          1
        ]
      }
    ]
  },
  "sceneViewportBackgroundColors" : {

  },
  "selectedSceneRelativePath" : "Immersive.usda"
}